-3600 7451
-2069 -8094
-7601 3881
1524 -2195
-7991 4818
7585 2312
6866 -7673
-7599 470
7432 -6795
3811 2372
3678 -4327
3637 -4558
2099 -2829
2307 -1889
-3849 1520
6784 -7636
-5259 204
1545 -2225
-1580 2872
-6588 -6210
1502 -7721
-4838 5998
-6477 3499
3944 -8123
2577 5627
-3755 -5762
223 4171
-3861 4927
4186 -6317
2045 281
7912 4558
6787 453
-1941 812
-863 7993
-6870 -7351
6362 -4103
-4238 7201
-1902 -1029
-6488 2308
5785 -7524
749 -4524
3533 1764
729 6261
2042 -2389
-2799 -6446
-7666 504
-814 -8076
1012 -6712
-6606 -7536
-2507 3190
-5553 -5648
-410 -6108
1759 887
-1764 1370
-5464 4965
-1619 5360
-6696 3897
808 4853
-6343 7348
-885 7009
2961 -2709
585 4952
6623 5577
7955 -636
-318 6831
-2796 -3472
635 1100
1991 2610
338 -5545
1047 3371
2284 -3746
-685 779
-4879 5893
2257 -4900
-3838 7110
6726 -4987
-6751 -7235
1513 -943
7804 -5000
-7461 3070
4290 2203
5154 -6469
2818 7072
5334 6261
-3733 1284
3189 -5277
-7414 2677
4480 -2873
100 3255
1761 3666
8004 6892
-2382 1887
-5639 186
2704 -6525
4992 -3429
-5923 -7801
-235 -7433
-8118 -8059
-5564 616
2236 -7005
-3748 1072
3324 4742
-5449 1306
-73 1069
7086 1896
7991 4176
717 7717
-2930 -3529
-3685 -1909
273 7042
5557 775
-5106 7387
-5004 -1422
-1272 -1737
6697 2586
4800 -18
-6176 3480
4510 -156
1857 -2263
3681 -4611
-309 1864
-7751 6202
1369 5942
-2561 -1008
-4346 -7941
4929 7520
1561 -3071
3685 -6715
7420 -727
-7645 2577
-1940 3519
4221 6649
-7496 -6665
4581 6844
-5385 7349
-4847 -214
4635 -273
-5069 1050
-4632 -1740
-2824 4412
4695 -7342
3636 1845
3887 5843
-2897 4216
-291 7393
1723 -5227
-4278 1646
-2208 533
4005 1050
2938 -5051
3846 2926
-4268 1595
-1351 -5613
6785 7252
-7033 -1429
-644 -6888
-934 2995
-4451 -5135
-7596 -7856
5601 4428
3347 -1109
-3555 6881
-2591 -3651
5761 -922
5936 -2370
1503 -5462
-4509 -3420
7468 6183
7275 -2624
-2093 -5983
-5571 -7044
4278 -2251
-808 -3307
4402 6275
7218 5337
-1523 4518
-1302 7414
6507 4439
6451 -4593
3639 5943
5116 -1393
-5741 7689
1979 -7265
-2778 7078
-6981 -6578
5058 -2825
6777 -2912
5503 1472
-5857 -5343
6354 -1405
7147 -345
7982 -7138
-7712 4640
-2715 -2722
-3214 3177
5236 4046
-6002 -7099
1199 2155
-2013 4996
-1441 3768
-3421 -2470
-7208 1156
-7980 6889
-4378 -2811
-6529 -3804
-4339 -2298
6675 -1057
3554 7642
-3654 -2726
-4492 7760
-4967 452
3345 1507
156 -2237
8092 -863
-1571 -2133
3471 -5451
-1156 -1233
3596 3770
4122 -1645
-4487 1388
-1357 1436
7708 -6784
1192 -6413
-6469 -4486
3098 -2506
499 -6119
-6162 -5183
-6423 33
-4989 -4805
-1777 -3635
-5105 -895
3060 6937
-4463 7555
5854 165
-5369 -2948
-5061 -2508
-6318 -3940
-2098 -7015
5570 -6657
-2104 4093
-7438 -6462
-12 -2094
1612 981
-5606 2514
-4607 -3440
-6608 3857
146 1556
7319 -2312
7703 2365
2729 4332
-1917 -4568
5510 6398
3475 -6081
-3499 -6738
-4526 -3518
2660 -5788
7231 -4119
-7175 649
-6103 2001
2001 189
-7955 7606
7151 -3139
427 -2645
4858 -4982
-2071 3216
-4636 3907
-6506 -3004
890 -4101
5306 -862
-6695 -4863
-881 3433
4992 1172
-807 -530
6584 5013
3055 -6832
2447 5213
1607 893
-1265 7625
734 6039
5813 -7858
-1095 6354
-5269 4319
-3442 -6406
-5211 1870
-521 5351
2687 -8072
-5986 4375
2723 -3342
-6014 6213
5057 -7504
-1883 3874
7985 2249
-4532 6333
-6888 -8042
7339 4168
-5483 -1609
-5746 -5260
7559 4218
-3470 -4461
5101 -7575
-6800 -7193
5021 6428
-658 618
-6689 -4828
-1255 6449
5224 3816
-2877 5499
-6608 -912
-1926 -3589
-5310 -7183
-1298 5479
-1710 -3710
4720 3264
-2261 2953
-2537 1933
5600 4270
2305 3896
7016 801
-1282 4574
-7265 -7399
1537 -7001
-6234 -3519
-3417 3134
6372 -4743
462 -7603
2745 -4173
-523 3894
-702 1333
7182 3718
7254 192
7471 -3078
6946 1008
-956 6562
-6378 2552
1702 -512
2033 3590
6296 -7197
4000 5793
-2204 1314
570 -341
3561 2016
-7020 1924
1809 2388
-7544 -8005
5571 -2578
-6785 2582
2520 -3394
-6871 7785
6707 2800
5263 -6626
-3475 519
-3856 2191
7156 6207
-3669 1619
2509 4228
-5914 1792
-6955 2254
5089 2757
-573 -727
7165 -7422
189 588
-7950 -6267
-668 7424
2943 2245
-5586 1461
-198 7668
5938 -724
6569 2139
4007 4501
-4975 -7038
-5142 -7839
-3370 928
-3891 5993
5713 1937
-6040 4121
2649 4844
-1628 -4247
-7979 -2716
4411 4312
-7055 4117
1857 -679
-4085 -5692
-4533 3538
503 517
1574 -6316
6007 -3777
4924 -5689
5718 -6692
4995 -31
-2108 -6374
-3767 6708
1374 -2962
-5949 3633
6890 -3114
-3006 2194
5204 -7742
1212 -2218
-4152 -1273
-1193 -1703
1412 2245
6262 -5829
-1080 2690
4863 5826
-3492 3175
-7559 -5774
8075 5917
-5126 3590
-1737 -369
1619 4546
3739 1482
-3846 -5578
-2082 2644
-3390 2235
-5734 485
-8095 4496
2239 -4967
-3791 5078
5578 -5568
-7544 -6963
7504 -7437
-1806 5034
2730 -5989
-4490 3798
-82 -2995
4127 305
7087 -7007
6598 3825
-7416 -3683
-5316 791
-8130 -2854
-4581 -2135
-7342 -6432
-131 -1943
-3538 315
-4409 -4387
4442 6095
966 -252
-463 5408
4171 -76
-2839 1265
1574 1171
-3175 980
-3472 -2520
7643 -4342
-892 -6080
2076 4533
-704 1555
5282 5178
7117 542
-6775 -4556
-2639 -5635
6972 1267
-6274 6889
3032 -6789
7113 -4205
410 1223
7053 1311
6333 2813
-6540 -5597
-2307 -4176
-52 -703
-7708 3138
-5642 -5265
-5199 900
3074 6808
2151 -1176
7226 -7098
5963 7523
-2500 -1234
8018 2090
-5468 7046
-7995 -2643
-2364 1418
-4986 4624
3337 -1802
1777 2497
2809 6085
-4416 -354
4894 452
5095 -3755
-2913 5380
4461 7502
-1898 3801
4585 7124
7726 -7479
1500 -6407
-7873 5887
-4062 6040
2647 -188
-5028 5404
-4251 3430
3582 -6505
736 -8065
2765 -2297
5647 6420
-3372 3531
3907 -2271
-6462 -568
3358 -2483
-6454 -3757
377 -7061
-2580 2947
-4251 -5558
1209 -5694
-2889 -4204
8140 -2670
-7840 4491
784 3679
-5526 3625
-1089 5125
-6185 -5245
-7177 4050
-6128 312
450 -7722
-4984 343
-1623 2481
-4409 1589
-5281 -4233
1695 6185
5011 673
5566 87
-6589 -4952
-4347 1911
5801 545
-1207 -583
-6664 -3174
2060 6841
2887 -6703
-3723 -6338
-6502 -3378
5655 3422
1615 -1041
-4038 -934
-7316 -57
-6892 -590
-3667 7861
-7745 -7026
-3235 408
-4445 7651
-3889 1180
-6741 -5168
-4206 -43
-2532 6546
37 -3516
-951 3419
-2365 -7247
871 -2439
3892 6535
7583 -6082
3303 5310
3515 -6034
5886 1254
-1099 -6911
-6757 7081
-2036 -7336
-5635 -8064
4272 -2623
6344 2378
-6992 -3290
6577 -6970
6764 6807
-6714 215
2561 6743
-877 -1049
-7209 -6580
6924 3621
-1577 -6869
5830 -5119
-874 -7906
-5904 3915
-6685 -1807
1628 7854
1934 6241
-2272 -3090
6371 -3013
2930 6284
181 -4389
849 1329
-2247 7374
1208 7164
679 -5726
-3992 -3185
7704 -6904
-1969 -6737
4509 -6824
3145 6090
-3674 -5353
252 6448
-7103 -3647
2167 -8105
-2416 -298
6960 6553
5160 4644
6310 7517
-1669 1662
835 7669
2448 -6853
2198 7314
-7218 -3017
-2 2147
7161 4520
8053 675
-8120 7636
5585 -204
4168 2500
191 -1253
3120 211
-7812 3316
-120 3716
3247 -1181
-6689 8033
-2261 5986
-1110 -1604
-6050 -6078
5885 3271
3598 5556
-5105 6810
-1299 3548
-6683 -523
-7674 173
6877 2130
-6967 5222
438 6896
-5179 -2842
-4334 980
2403 -4595
-3207 4193
-2620 -5702
-1884 -3566
-4103 6193
7428 4547
-3085 5184
5612 -5577
-5605 -7367
2363 3378
-6270 -7327
-6313 6027
-4306 6205
2160 -6584
-4105 7840
7045 2718
4568 -6956
4659 26
-3958 -6108
4250 6586
7010 7599
-2929 -1324
-5783 -5325
1004 4395
-1647 -2276
-5905 4553
7206 -6732
-703 -6968
3107 -1012
883 -6598
-2820 -2208
685 1024
6727 -4444
-3410 -1006
4413 3739
-2539 7403
146 -18
-7463 -7422
-3663 -2944
-4777 395
-5007 -1460
-4075 3535
884 -8080
-952 -7746
-869 -1082
5096 -2659
-2938 -2197
-1693 5008
-6505 7352
2378 -7660
7217 -3988
3822 -8049
8011 -856
1010 4703
-1635 7131
7548 1227
-1541 570
1429 7658
-53 -7193
-2372 24
7177 5357
6210 -362
-5013 -6319
-6419 2436
3212 5612
6945 -72
-6781 3046
-4071 -561
-7921 -4108
-5162 -553
6139 1920
903 -2954
399 -5502
1149 2321
-7026 -6492
7247 5408
-3815 -1200
6178 -2365
-6014 355
3485 -4284
3328 926
5856 4004
3136 -3827
-4583 -1422
-1635 -733
503 5937
-959 4972
-6663 -5700
5893 7640
7048 3115
-2009 2127
5389 2486
7001 -4735
-4040 -1972
2944 6574
-7457 -2129
-5495 6773
-7259 -598
-3030 -3567
-4984 2448
5030 -1855
-4784 -4271
4288 4156
2595 3170
2728 1708
2786 -6802
-6383 -5203
4417 -4528
-1994 1114
2995 -60
3174 4332
4574 -2800
-3099 1006
491 8059
558 6871
1034 4784
-5321 -39
-6547 -1535
-3836 -5346
4330 -7903
-597 -6983
5660 2025
-4976 7382
-5765 7372
7513 838
-7157 1151
-2660 3121
-1354 1804
-3426 1265
4783 -7897
728 -172
1261 5218
-2798 -6878
-2006 -3754
2087 7492
7770 2848
-7879 382
-5212 -114
5082 6382
378 -6844
-7516 3708
-7177 -6061
2280 -1441
-260 -6803
7910 -16
-5082 3059
1078 -7893
-559 736
-4939 60
97 5732
-3944 390
7797 0
-4698 4236
4957 -7599
-301 -5353
4035 -8029
3612 -1872
3122 6855
6269 -2202
-5870 4038
-1803 -2527
905 2440
4905 -6490
4596 6795
7084 -7454
4814 -7046
-3819 4324
2597 5096
6531 6590
1634 -4374
-5091 -7931
-2373 -4690
861 -465
4145 1034
-1560 5125
2495 -5852
6892 -2319
-837 4563
-7523 95
-3468 3596
-808 -664
6491 928
-1304 3053
4872 -4614
-4073 -7595
-3369 861
975 -1860
-1587 -5728
-701 -6147